#### qvol *yield* [1*16, 15*16] threads, Small critical ./test_ll_coarse -p tcount ####
0.000150
0.000256
0.000284
0.000319
0.000333
0.000410
0.000381
0.000405
0.000449
0.000531
0.000562
0.000558
0.000599
0.000604
0.000674
0.000625
0.000760
0.000778
0.000761
0.000711
0.000697
0.000759
0.000854
0.000822
0.000076
0.000803
0.000900
0.000936
0.000943
0.000978
0.000971
0.001045
0.000987
0.001139
0.001083
0.001264
0.001081
0.000982
0.001708
0.001115
0.001083
0.001308
0.001204
0.001653
0.001466
0.001701
0.001596
0.001419
0.001432
0.001349
0.001330
0.001446
0.001515
0.001458
0.001789
0.001505
0.001798
0.001528
0.009701
0.002298
0.001614
0.002085
0.001765
0.001949
0.001731
0.001772
0.001753
0.001552
0.001668
0.002051
0.002014
0.001709
0.002756
0.001986
0.001870
0.002675
0.001840
0.002043
0.002860
0.001949
0.001820
0.002710
0.003066
0.002004
0.002281
0.004765
0.002481
0.003213
0.002064
0.002970
0.002822
0.002332
0.002303
0.004348
0.003099
0.002877
0.004390
0.004454
0.073984
0.002590
