#### qvol *always* [1*16, 15*16] threads, Small critical ./test_ll_coarse -p tcount ####
0.000149
0.000230
0.000295
0.000343
0.000398
0.000421
0.000437
0.000453
0.000544
0.000565
0.000608
0.000659
0.000683
0.000730
0.000737
0.002514
0.000739
0.000741
0.000824
0.000838
0.000888
0.000967
0.000859
0.000905
0.000974
0.000981
0.001068
0.001382
0.001038
0.001094
0.001349
0.001221
0.001160
0.001222
0.001104
0.001134
0.001311
0.001202
0.001276
0.001341
0.001327
0.001192
0.001286
0.001914
0.001608
0.001572
0.001666
0.001720
0.001723
0.001731
0.003143
0.002614
0.001894
0.001889
0.001883
0.002631
0.001791
0.001827
0.001832
0.002664
0.001916
0.002007
0.001828
0.001963
0.001859
0.001998
0.002655
0.001945
0.001969
0.002052
0.001907
0.001928
0.002025
0.002081
0.002021
0.001980
0.002040
0.002171
0.002241
0.002098
0.002217
0.002196
0.002172
0.002282
0.002960
0.002271
0.002477
0.002257
0.002412
0.002323
0.002751
0.002451
0.002469
0.002427
0.003247
0.002456
0.002506
0.002791
0.002333
0.002552
