#### qvol *exp* [1*16, 15*16] threads, Small critical ./test_ll_coarse -p tcount ####
0.000160
0.000273
0.000303
0.000327
0.000386
0.000413
0.000413
0.000478
0.000518
0.000562
0.000569
0.000646
0.000648
0.000671
0.000700
0.000713
0.000823
0.000783
0.000850
0.000779
0.000914
0.000854
0.000974
0.000914
0.000947
0.000966
0.001044
0.001049
0.001129
0.001085
0.001257
0.001133
0.001097
0.001198
0.001982
0.001124
0.001240
0.001201
0.001894
0.001227
0.001335
0.001393
0.001353
0.001289
0.002459
0.001326
0.002004
0.001712
0.001282
0.001389
0.001895
0.001419
0.007749
0.001937
0.001492
0.001500
0.002113
0.005761
0.346358
0.002327
0.002372
0.002206
4.872372
0.001602
4.889696
0.001479
0.001564
0.001943
0.002002
0.001528
0.001527
2.393642
0.005253
0.003619
1.417716
3.102237
0.024833
0.002347
0.002010
3.643817
2.511630
0.004338
0.699881
0.005355
1.759461
0.002316
0.003177
0.035237
1.829006
2.781001
0.005911
0.020646
3.940010
2.397991
3.112346
0.017485
5.150752
0.721607
3.485370
5.575790
