#### qvol *prop* [1*16, 15*16] threads, Small critical ./test_ll_coarse -p tcount ####
0.000092
0.000163
0.000189
0.000245
0.000283
0.000292
0.000270
0.000334
0.000327
0.000381
0.000423
0.000451
0.000495
0.000494
0.000486
0.000570
0.001201
0.000643
0.000664
0.000704
0.000682
0.000689
0.000710
0.000826
0.000785
0.016956
0.000824
0.000866
0.000901
0.000863
0.000882
0.001032
0.001086
0.000958
0.001010
0.000933
0.000944
0.001030
0.001029
0.000931
0.000935
0.001101
0.001133
0.001041
0.001048
0.001178
0.001744
0.001115
0.001593
0.001262
0.001245
0.001159
0.001179
0.001273
0.001218
0.001327
0.001286
0.001646
0.001338
0.001501
0.001819
0.001380
0.001341
0.001583
0.001693
0.001626
0.001561
0.001597
0.001575
0.001533
0.001614
0.001668
0.001646
0.001963
0.001639
0.001645
0.001852
0.001671
0.001634
0.002279
0.001707
0.001839
0.001835
0.001857
0.001858
0.001913
0.002052
0.001961
0.001919
0.002006
0.002086
0.001994
0.001962
0.002142
0.002158
0.002499
0.002312
0.002229
0.002195
0.002289
