#### RTM [1*16, 15*16] threads, Small critical ./test_ll_coarse -p tcount ####
0.000171
0.000250
0.000326
0.000354
0.000400
0.000447
0.000502
0.000476
0.000611
0.000589
0.000632
0.000738
0.000723
0.000673
0.000748
0.001447
0.000720
0.000766
0.000788
0.000894
0.000918
0.000855
0.000951
0.001039
0.001024
0.001012
0.001981
0.001067
0.001150
0.001223
0.001144
0.001123
0.001161
0.001149
0.001247
0.001354
0.001440
0.001313
0.001443
0.001366
0.002256
0.002452
0.001494
0.001530
0.001540
0.001550
0.001600
0.001528
0.001543
0.001508
0.001707
0.001649
0.001737
0.001762
0.002446
0.001658
0.001802
0.002003
0.001813
0.002358
0.001766
0.002748
0.001809
0.002461
0.001936
0.002646
0.002011
0.001998
0.002088
0.002558
0.002010
0.002108
0.002038
0.002093
0.001979
0.002032
0.003127
0.002266
0.002234
0.002162
0.002106
0.002182
0.002292
0.002288
0.002184
0.002254
0.002261
0.003070
0.002904
0.002469
0.002519
0.002663
0.002409
0.002556
0.002464
0.002601
0.002589
0.002533
0.002813
0.003334
