#### Spin *exp* [1*16, 15*16] threads, Small critical ./test_ll_coarse -p tcount ####
0.000077
0.000236
0.000202
0.000343
0.000272
0.000307
0.000283
0.000366
0.000397
0.000411
0.000396
0.000455
0.000479
0.000519
0.000589
0.000520
0.000662
0.000622
0.000661
0.000838
0.000087
0.000901
0.000886
0.000886
0.000879
0.001141
0.001099
0.001126
0.001118
0.001105
0.001205
0.001277
0.001215
0.002193
0.001099
0.001291
0.001286
0.001107
0.001177
0.001214
0.001577
0.001354
0.001206
0.001231
0.001303
0.001425
0.001413
0.001357
0.001274
0.001444
0.001692
0.001489
0.001450
0.001391
0.001532
0.001587
0.001584
0.001712
0.001957
0.001717
0.001976
0.001892
0.001849
0.001813
0.001825
0.002033
0.001995
0.002011
0.001828
0.001938
0.002106
0.002058
0.002044
0.002201
0.001901
0.002120
0.001904
0.002019
0.002023
0.003766
0.002246
0.002190
0.002191
0.002218
0.002280
0.002214
0.002369
0.002505
0.002366
0.002368
0.003412
0.002260
0.002431
0.002431
0.002023
0.002189
0.002520
0.002562
0.002421
0.002439
