#### Spin *always* [1*16, 15*16] threads, Small critical ./test_ll_coarse -p tcount ####
0.000174
0.000227
0.000293
0.000369
0.000391
0.000429
0.000463
0.000505
0.000496
0.000623
0.000642
0.000571
0.000588
0.000666
0.000639
0.000712
0.000814
0.000743
0.000958
0.000850
0.000822
0.000896
0.000883
0.000920
0.001639
0.001036
0.001140
0.001071
0.001053
0.001028
0.001106
0.001061
0.001115
0.001231
0.001144
0.001205
0.001169
0.001237
0.001220
0.001365
0.002169
0.001310
0.001409
0.001403
0.001399
0.002143
0.001439
0.001509
0.001630
0.001421
0.001528
0.001736
0.001577
0.001776
0.001573
0.001763
0.001635
0.001783
0.002723
0.001858
0.001793
0.001818
0.001862
0.001821
0.001837
0.001915
0.001849
0.001766
0.001895
0.001831
0.001734
0.001909
0.001884
0.001914
0.001990
0.001845
0.002027
0.002055
0.002108
0.002433
0.002450
0.002134
0.002590
0.002166
0.002216
0.002845
0.002556
0.002418
0.002285
0.002312
0.002322
0.002423
0.002404
0.002889
0.002665
0.002532
0.002597
0.074321
0.002771
0.002318
