#### Spin *yield* [1*16, 15*16] threads, Small critical ./test_ll_coarse -p tcount ####
0.000166
0.000249
0.000309
0.000355
0.000414
0.000459
0.000519
0.000549
0.000533
0.000540
0.000593
0.000576
0.000673
0.000744
0.000694
0.000727
0.000681
0.000901
0.000889
0.000779
0.000922
0.000825
0.000828
0.000943
0.000851
0.000907
0.000958
0.000985
0.000989
0.001131
0.001099
0.001172
0.001065
0.001193
0.001379
0.001135
0.001293
0.001181
0.001288
0.001321
0.001325
0.001487
0.001256
0.001418
0.001524
0.001427
0.001403
0.001520
0.002515
0.001629
0.001475
0.001527
0.001641
0.001719
0.001640
0.001635
0.001591
0.001716
0.001717
0.001662
0.001748
0.001748
0.001724
0.001832
0.002726
0.002867
0.001914
0.002033
0.001891
0.001891
0.002763
0.001999
0.002226
0.002015
0.002128
0.002121
0.003009
0.002262
0.002172
0.002101
0.002134
0.002200
0.002260
0.002342
0.002257
0.003123
0.002437
0.002412
0.002497
0.002522
0.003073
0.002521
0.003239
0.002658
0.002552
0.002640
0.003370
0.002747
0.022374
0.002634
