#### RTM [1*16, 15*16] threads, Small critical ./test_ll_coarse -p tcount ####
0.000991
0.001549
0.002349
0.002920
0.003505
0.003927
0.004199
0.005622
0.005099
0.005816
0.006414
0.006118
0.005685
0.006707
0.006472
0.005653
0.007541
0.006581
0.007814
0.008475
0.007065
0.008526
0.007166
0.008706
0.008981
0.007471
0.007997
0.008210
0.010251
0.009754
#### RTM [1*16, 15*16] threads, Small critical ./test_ll_coarse -p tcount ####
0.000798
0.001423
0.002141
0.002761
0.003125
0.003600
0.005322
0.004487
0.006030
0.006531
0.005894
0.006097
0.005387
0.006982
0.006580
0.007258
0.005876
0.006536
0.006216
0.006690
0.008821
0.007590
0.007012
0.008933
0.007253
0.010003
0.007209
0.010095
0.009275
0.009336
