#### Spin *yield* [1*16, 15*16] threads, Small critical ./test_ll_coarse -p tcount ####
0.000891
0.001614
0.002102
0.003209
0.003269
0.003587
0.004622
0.004809
0.004927
0.005650
0.004874
0.006036
0.008075
0.005828
0.006213
0.007051
0.006689
0.006925
0.006601
0.007613
0.009263
0.008349
0.008227
0.007844
0.007862
0.007842
0.009494
0.009468
0.011306
0.007727
#### Spin *yield* [1*16, 15*16] threads, Small critical ./test_ll_coarse -p tcount ####
0.000919
0.001593
0.002194
0.002880
0.003484
0.004607
0.004207
0.004844
0.005417
0.005624
0.005665
0.006713
0.006731
0.006135
0.006757
0.006913
0.006327
0.008065
0.007448
0.007590
0.007679
0.007133
0.007071
0.006780
0.009035
0.009066
0.009194
0.008523
0.008221
0.008176
