#### Spin *exp* [1*16, 15*16] threads, Small critical ./test_ll_coarse -p tcount ####
0.000803
0.001590
0.002307
0.002885
0.003332
0.004009
0.004132
0.004267
0.005815
0.005291
0.006318
0.006066
0.005316
0.006287
0.006515
0.007714
0.006988
0.007068
0.006925
0.006889
0.006657
0.006972
0.006781
0.007204
0.008377
0.008065
0.008027
0.008712
0.009479
0.008149
#### Spin *exp* [1*16, 15*16] threads, Small critical ./test_ll_coarse -p tcount ####
0.000872
0.001564
0.001952
0.003653
0.003472
0.025763
0.003899
0.005232
0.004622
0.004884
0.005346
0.004419
0.005675
0.005993
0.005168
0.005890
0.005813
0.006744
0.006004
0.007537
0.006899
0.006817
0.006847
0.007722
0.007294
0.007233
0.006908
0.008955
0.008214
0.007858
