#### Spin *always* [1*16, 15*16] threads, Small critical ./test_ll_coarse -p tcount ####
0.000864
0.001549
0.001908
0.002480
0.003149
0.003651
0.003961
0.004538
0.004826
0.005159
0.005224
0.005240
0.006796
0.005568
0.005704
0.005975
0.005913
0.005627
0.006316
0.006232
0.007375
0.007372
0.006744
0.007363
0.007643
0.007668
0.006856
0.008656
0.010262
0.009560
#### Spin *always* [1*16, 15*16] threads, Small critical ./test_ll_coarse -p tcount ####
0.000778
0.001652
0.001899
0.002482
0.001507
0.002552
0.003359
0.003911
0.003709
0.004567
0.003893
0.003888
0.004655
0.004497
0.005122
0.005524
0.005063
0.005964
0.006449
0.006973
0.006434
0.005543
0.007708
0.006560
0.008152
0.006880
0.008616
0.007467
0.008425
0.008225
