#### qvol *exp* [1*16, 15*16] threads, Small critical ./test_ll_coarse -p tcount ####
0.000161
0.000274
0.000320
0.000349
0.000411
0.000380
0.000412
0.000460
0.000516
0.000520
0.000677
0.000578
0.000635
0.000731
0.000711
0.000760
0.000744
0.000854
0.000870
0.000854
0.000859
0.000860
0.000983
0.000909
0.002057
0.001167
0.001080
0.001154
0.001155
0.001141
0.001168
0.001296
0.001768
0.001320
0.001285
0.001321
0.002293
0.001309
0.001417
0.001474
0.000744
0.001500
0.001435
0.001370
0.001445
0.001506
0.002284
0.001654
0.001468
0.001455
0.001595
0.001598
0.001650
0.001715
0.001580
0.001717
0.001732
0.001740
0.001674
0.001661
0.001830
0.001767
0.001732
0.001967
0.002032
0.001951
0.001890
0.002761
0.002071
0.001951
0.001941
0.001938
0.002080
0.002011
0.001909
0.002069
0.002012
0.002000
0.002067
0.002690
0.002612
0.002170
0.002183
0.002229
0.002149
0.002958
0.002158
0.002311
0.002400
0.002333
0.002331
0.002260
0.002944
0.002507
0.002589
0.002532
0.002462
0.002897
0.002634
0.002651
