#### qvol *yield* [1*16, 15*16] threads, Small critical ./test_ll_coarse -p tcount ####
0.000079
0.000256
0.000277
0.000323
0.000361
0.000339
0.000424
0.000507
0.000482
0.000473
0.000530
0.000594
0.000577
0.000596
0.000708
0.002603
0.000745
0.000798
0.000775
0.000849
0.000792
0.000926
0.000864
0.000928
0.000971
0.000955
0.001043
0.001813
0.001069
0.001060
0.001201
0.001178
0.001133
0.001158
0.001367
0.002072
0.001239
0.001312
0.001283
0.009218
0.001367
0.001391
0.001412
0.002653
0.001496
0.001359
0.001361
0.001507
0.001682
0.002245
0.001332
0.001590
0.001560
0.003138
0.001591
0.001644
0.001946
0.001903
0.001706
0.001764
0.001765
0.001844
0.001910
0.001649
0.001995
0.002304
0.002751
0.001954
0.002506
0.002104
0.002068
0.002571
0.001857
0.001943
0.002035
0.002014
0.002020
0.002327
0.002188
0.003251
0.002734
0.005036
0.002299
0.002243
0.011490
0.002683
0.002988
0.002571
0.002396
0.002874
0.003232
0.002230
0.002413
0.002455
0.002667
0.002974
0.004523
0.002705
0.002844
0.002913
