#### qvol *always* [1*16, 15*16] threads, Small critical ./test_ll_coarse -p tcount ####
0.000189
0.000277
0.000335
0.000350
0.000400
0.000481
0.000420
0.000529
0.000534
0.000570
0.000538
0.000620
0.000635
0.000715
0.000713
0.003261
0.000703
0.000713
0.000760
0.000710
0.000902
0.000874
0.000919
0.000887
0.000895
0.001898
0.001471
0.000980
0.000987
0.001192
0.001141
0.001289
0.001261
0.001444
0.001291
0.001324
0.002099
0.001368
0.001410
0.001297
0.001349
0.001367
0.001467
0.001507
0.001366
0.001493
0.001567
0.001540
0.001770
0.002507
0.001604
0.001624
0.001710
0.001688
0.001774
0.002443
0.001790
0.001752
0.001954
0.002026
0.001942
0.001843
0.002802
0.001833
0.001879
0.001919
0.001794
0.002374
0.001888
0.002006
0.001980
0.002015
0.002174
0.002088
0.002036
0.002007
0.002104
0.002251
0.002237
0.002883
0.002159
0.002248
0.002283
0.002629
0.002234
0.002628
0.003241
0.002441
0.002275
0.002928
0.002267
0.003240
0.002461
0.002781
0.003210
0.002591
0.002613
0.002604
0.002564
0.003483
