#### qvol *prop* [1*16, 15*16] threads, Small critical ./test_ll_coarse -p tcount ####
0.000122
0.000220
0.000323
0.000296
0.000333
0.000408
0.000449
0.000497
0.000479
0.000507
0.000591
0.000606
0.000622
0.000635
0.004653
0.000805
0.000781
0.000775
0.000810
0.000815
0.000800
0.000852
0.000872
0.001288
0.000930
0.000871
0.001019
0.000974
0.001004
0.000988
0.001000
0.001109
0.001117
0.001128
0.001294
0.001327
0.001408
0.001311
0.001285
0.001383
0.001398
0.001354
0.001328
0.001464
0.001404
0.001573
0.001544
0.002564
0.001667
0.001661
0.001648
0.001656
0.001598
0.001743
0.001726
0.001818
0.001858
0.001093
0.001994
0.001896
0.001811
0.002247
0.002670
0.001959
0.001929
0.002703
0.002246
0.001918
0.002729
0.001464
0.002088
0.002344
0.002158
0.002068
0.002002
0.001994
0.002528
0.002096
0.002099
0.002507
0.002187
0.002195
0.002215
0.002080
0.002127
0.002252
0.001456
0.002714
0.002873
0.002199
0.002165
0.002500
0.002402
0.002382
0.002296
0.002397
0.002593
0.002492
0.002724
0.002555
