#### RTM [1*16, 15*16] threads, Small critical ./test_ll_coarse -p tcount ####
0.000181
0.000252
0.000302
0.000357
0.000375
0.000442
0.000436
0.000454
0.000548
0.000562
0.000576
0.000596
0.000632
0.000660
0.000665
0.006779
0.000680
0.000711
0.000719
0.000695
0.000716
0.002202
0.000834
0.000738
0.001494
0.000829
0.000849
0.001008
0.000942
0.001086
0.000998
0.001071
0.001089
0.001086
0.001069
0.001094
0.001047
0.001123
0.001118
0.001460
0.001226
0.001240
0.001256
0.001244
0.001285
0.001278
0.001252
0.001218
0.001287
0.001338
0.001509
0.002069
0.001940
0.001573
0.001400
0.001431
0.001450
0.001500
0.001569
0.001492
0.001503
0.001527
0.001562
0.001653
0.001739
0.002279
0.001886
0.001704
0.001756
0.001717
0.001756
0.001654
0.001774
0.001866
0.001844
0.001742
0.001916
0.001803
0.001879
0.001980
0.001933
0.001902
0.001974
0.002235
0.001918
0.001888
0.002342
0.002030
0.002297
0.002149
0.002082
0.002318
0.002070
0.002045
0.002228
0.002184
0.002386
0.002497
0.002299
0.003211
