#### Spin *exp* [1*16, 15*16] threads, Small critical ./test_ll_coarse -p tcount ####
0.000142
0.000252
0.000271
0.000298
0.000349
0.000405
0.000458
0.000556
0.000476
0.000517
0.000569
0.000558
0.000590
0.000630
0.000693
0.003837
0.000783
0.000781
0.000821
0.000824
0.000820
0.000928
0.000958
0.000950
0.001025
0.000998
0.001023
0.042761
0.000955
0.000891
0.000908
0.000994
0.000953
0.000973
0.001065
0.001740
0.001108
0.001104
0.001086
0.001120
0.001136
0.001111
0.001198
0.001180
0.001178
0.001196
0.001184
0.001228
0.001192
0.001315
0.001197
0.001297
0.001404
0.002096
0.001399
0.001383
0.001373
0.001373
0.001688
0.001530
0.001451
0.001415
0.001540
0.001468
0.001440
0.002044
0.002015
0.001537
0.001643
0.001662
0.001695
0.001657
0.001620
0.001692
0.001688
0.001698
0.001683
0.001738
0.001877
0.001714
0.001766
0.002284
0.002283
0.001947
0.001882
0.001985
0.002126
0.001926
0.002587
0.002013
0.002130
0.002034
0.002057
0.002121
0.002065
0.002100
0.002228
0.002446
0.002225
0.002447
