#### Spin *yield* [1*16, 15*16] threads, Small critical ./test_ll_coarse -p tcount ####
0.000143
0.000241
0.000318
0.000319
0.000360
0.000415
0.000429
0.000432
0.000471
0.000531
0.000620
0.000584
0.000566
0.000668
0.000768
0.000855
0.000736
0.000830
0.001920
0.000847
0.000971
0.000980
0.000893
0.001019
0.001030
0.000986
0.001079
0.001109
0.001217
0.001279
0.001174
0.001137
0.001117
0.001214
0.001230
0.001353
0.002120
0.001340
0.001366
0.001286
0.001396
0.001456
0.001558
0.001352
0.001501
0.001052
0.001472
0.001681
0.001522
0.001526
0.001507
0.001613
0.001684
0.001878
0.001814
0.001798
0.002658
0.001745
0.001970
0.002030
0.002790
0.001803
0.001748
0.001992
0.001823
0.004025
0.003805
0.003544
0.003692
0.003467
0.003407
0.003282
0.001965
0.004656
0.004579
0.004615
0.003705
0.001952
0.003383
0.003597
0.002035
0.002536
0.002068
0.002216
0.002157
0.002625
0.002489
0.002105
0.002135
0.001938
0.002199
0.002401
0.002136
0.002606
0.002208
0.002243
0.002226
0.002350
0.002221
0.002496
