#### Spin *always* [1*16, 15*16] threads, Small critical ./test_ll_coarse -p tcount ####
0.000160
0.000285
0.000326
0.000346
0.000382
0.000421
0.000460
0.000534
0.000597
0.000606
0.000617
0.000686
0.000706
0.000700
0.000751
0.000758
0.000891
0.000730
0.000824
0.000820
0.000830
0.002022
0.000939
0.000962
0.001096
0.000951
0.001032
0.001085
0.001897
0.001268
0.001065
0.001297
0.001130
0.001152
0.001195
0.002181
0.001232
0.001289
0.001349
0.001400
0.001388
0.001369
0.001327
0.001830
0.001411
0.001394
0.001491
0.001474
0.001559
0.001485
0.001410
0.001568
0.001529
0.001488
0.001700
0.001696
0.001682
0.001668
0.001675
0.002672
0.002408
0.001913
0.001958
0.001836
0.002713
0.001897
0.001942
0.002025
0.003183
0.002607
0.001966
0.001960
0.002535
0.002047
0.002138
0.002010
0.002073
0.002440
0.002827
0.002524
0.002144
0.002055
0.002904
0.002352
0.002852
0.002255
0.002265
0.002234
0.002243
0.002278
0.002502
0.002421
0.001914
0.003245
0.002560
0.002532
0.002817
0.002518
0.002602
0.003108
